25
Mint
1
0
1
3
0
0
5
5
0
0
0
0
1
2
0
0
0
0
0
0
0
0
0
0
0
0
0
0
0
0
0
0
0
0
0
0
26
Tax Office
1
0
3
1
0
0
5
5
0
0
0
0
1
1
0
0
0
0
0
0
0
0
0
0
0
0
0
0
0
0
0
0
0
0
0
0
27
Triumphal Arch
1
2
0
2
0
0
6
6
0
0
0
0
0
0
1
4
0
0
0
0
0
0
0
0
0
0
0
0
0
0
0
0
0
0
0
0
28
Theater
1
2
2
0
0
0
6
6
0
0
0
0
0
0
1
3
0
0
0
0
0
0
0
0
0
0
0
0
0
0
0
0
0
0
0
0
29
Carpenter's Shop
1
1
2
0
0
0
3
4
0
0
0
0
0
0
0
0
1
2
0
0
0
0
3
1
0
0
2
2
0
0
0
0
5
1
0
0
30
Stonemason's Shop
1
1
0
2
0
0
2
3
0
0
0
0
0
0
0
0
1
3
0
0
0
0
3
1
0
0
2
3
0
0
0
0
5
1
0
0
31
Chapel
1
0
2
0
0
1
0
2
0
0
0
0
0
0
0
0
1
1
0
0
0
0
1
5
0
0
0
0
0
0
0
0
0
0
0
0
32
Residence
1
0
0
2
0
0
1
1
0
0
0
0
0
0
0
0
1
1
0
0
0
0
1
5
0
0
0
0
0
0
0
0
0
0
0
0
33
Marketplace
2
0
2
1
0
0
3
3
0
0
0
0
0
0
0
0
3
1
0
0
0
0
2
2
2
3
0
0
0
0
0
0
0
0
0
0
34
Treasury
2
0
3
0
0
0
4
3
0
0
0
0
0
0
0
0
1
1
0
0
0
0
3
6
0
0
2
1
0
0
0
0
5
6
0
0
35
Painters' Guild
2
0
4
0
0
0
5
4
0
0
0
0
0
0
0
0
1
2
0
0
0
0
3
6
0
0
3
2
0
0
0
0
7
6
0
0
36
Sculptors' Guild
2
0
0
4
0
0
6
5
0
0
0
0
0
0
0
0
1
3
0
0
0
0
3
6
0
0
3
3
0
0
0
0
7
6
0
0
37
Stonemasons' Guild
2
0
1
2
0
0
4
4
0
0
0
0
0
0
0
0
1
4
1
2
1
3
6
6
0
0
0
0
0
0
0
0
0
0
0
0
38
Baptistery
2
0
0
3
0
1
2
2
0
0
0
0
0
0
0
0
1
5
0
0
0
0
2
1
2
6
0
0
0
0
0
0
0
0
0
0
39
Barracks
2
0
1
1
0
0
3
1
0
0
0
0
0
0
0
0
1
4
0
0
0
0
3
7
0
0
0
0
0
0
0
0
0
0
0
0
40
Stronghold
2
2
2
2
0
0
8
6
0
2
2
0
0
0
0
0
0
0
0
0
0
0
0
0
0
0
0
0
0
0
0
0
0
0
0
0
41
Bank
3
3
1
3
0
0
7
2
0
0
0
5
0
0
0
0
0
0
0
0
0
0
0
0
0
0
0
0
0
0
0
0
0
0
0
0
42
Fair
3
4
3
0
0
0
8
4
0
0
0
0
0
0
0
0
4
1
0
0
0
0
3
2
3
3
0
0
0
0
0
0
0
0
0
0
43
Garden
3
0
4
2
2
0
10
1
0
0
3
0
0
0
0
0
0
0
0
0
0
0
0
0
0
0
0
0
0
0
0
0
0
0
0
0
44
Fortress
3
2
2
4
0
0
9
5
1
0
2
0
0
0
0
0
0
0
0
0
0
0
0
0
0
0
0
0
0
0
0
0
0
0
0
0
45
Palace
3
3
3
1
0
0
9
6
0
0
0
0
0
0
0
0
1
1
0
0
0
0
2
4
4
6
0
0
0
0
0
0
0
0
0
0
46
Church
3
0
1
4
0
1
5
1
0
0
0
0
0
0
0
0
1
2
0
0
0
0
2
5
0
0
1
3
0
0
0
0
2
5
0
0
47
Military Academy
3
0
2
2
1
0
7
3
0
0
0
0
0
0
0
0
1
4
0
0
0
0
3
7
1
6
0
0
0
0
0
0
0
0
0
0
48
Cathedral
3
0
4
4
0
3
7
2
0
0
1
0
0
0
0
0
0
0
0
0
0
0
0
0
0
0
0
0
0
0
0
0
0
0
0
0