1
Commercial Hub
1
0
0
0
0
0
0
0
0
1
1
0
0
0
0
0
0
0
2
Woods
1
0
1
0
0
0
0
0
0
2
0
1
0
0
0
0
0
0
3
Village
1
0
0
0
0
0
0
0
0
3
1
0
0
1
0
0
0
0
4
Gravel Pit
1
0
0
2
0
0
0
0
0
4
0
0
2
0
0
0
0
0
5
Forest
1
0
1
0
0
0
0
0
0
5
0
3
0
0
0
0
0
0
6
Monastery
1
0
0
0
1
0
0
2
0
6
0
0
1
0
1
0
0
0
7
Citadel
1
0
0
0
0
0
0
0
0
5
0
0
1
0
0
0
2
0
8
City 
1
3
0
0
0
0
0
0
0
6
0
0
0
0
0
0
0
1
9
Gold Mine
2
1
0
0
0
0
0
0
0
1
2
0
0
0
0
0
0
0
10
Mountain Town
2
0
0
0
1
0
0
0
0
3
0
0
0
0
0
0
1
0
11
Mining Town
2
0
0
1
2
0
0
0
0
4
0
0
2
1
0
0
0
0
12
Rock Pit
2
0
1
0
0
0
0
0
0
3
0
0
3
0
0
0
0
0
13
Estate
2
0
1
0
2
0
0
0
0
4
1
2
0
0
0
0
0
0
14
Hermitage
2
0
0
0
1
1
0
0
0
2
0
0
0
0
1
0
0
0
15
Manor House
2
0
0
0
0
0
0
0
0
5
0
0
0
2
0
0
2
0
16
Dukedom
2
4
0
0
0
0
0
0
0
6
1
2
1
0
0
0
0
0
17
Trading Town
3
1
0
0
1
0
0
0
0
1
3
0
0
0
0
0
0
0
18
Farm
3
0
1
0
0
0
1
0
0
3
0
2
0
0
0
2
0
0
19
Colony
3
0
0
0
0
0
0
2
0
5
0
1
0
0
0
4
0
0
20
Marble Pit
3
0
0
0
0
0
3
0
0
2
0
0
2
0
0
1
0
0
21
Province
3
0
0
1
0
0
0
0
1
6
0
0
1
0
0
4
0
0
22
Sanctuary
3
0
0
0
0
1
0
0
0
1
1
0
0
0
1
0
0
0
23
Castle
3
2
0
0
0
0
2
0
0
4
0
0
0
1
0
0
3
0
24
Fortified Town
3
0
0
0
1
0
0
2
0
2
0
0
0
2
0
0
1
0