Mirko
1674346369
2
1
111
168872
Matteo
3053332
1
2
11
1951
prova
106940952
0
0
0
0
Jim
74478
0
0
25
4689
mirko
3053332
0
0
23
4246
testtime
-1145831841
0
0
0
0
tesss
-821713730
0
0
0
0
provaa
106585821
0
0
0
0
ciao
3053332
0
0
60
5738
jimmy
3053332
0
0
0
602
a
3104
0
0
0
58
aa
3104
0
0
0
58
matteo
3053332
0
0
45
7007
Mirko
1674346369
2
1
41
162395
matteo
3053332
0
0
2
296
matteo
3053332
0
0
3
396
Mirko
1674346369
2
1
42
162450
Mirko
1674346369
2
1
43
162494
matteo
3053332
0
0
4
414
Jimmino
65871947
0
0
89
39762
